3306
4502
51322
5295
2628
57698
6696
5660
8073
6319
3837
65125
23524
1487
1410
6303
8992
7082
5813
6678
10109
5354
2697
1843
5094
6194
6613
7009
23258
6507
567
5305
10099
9522
3920
4131
677
2782
6622
5803
5579
51125
5209
2670
6456
477
6252
11031
79026
6234
1465
473
7555
10580
4134
3572
10983
347
2040
10768
9588
2273
27020
23576
65983
3705
6430
287
3945
7431
23179
10299
1915
23433
1975
1809
9987
5375
23367
217
2824
56910
58473
138151
27122
6726
80303
140885
6230
120
57447
387
378
3488
23208
5516
975
1783
6228
3983
6386
1363
2222
4915
1727
83604
6612
221061
5578
81603
81618
4781
57515
5270
6780
9698
5621
10529
60
9802
11170
2665
9581
1982
9774
8473
4735
23451
6210
1952
55082
3181
