226
56650
6709
55207
55885
7879
5730
4897
23017
529
9891
2550
2764
8667
1476
7846
9045
2597
10857
56271
64061
4684
23787
51386
230
10485
534
1431
7070
57030
26052
482
5048
4905
23271
10487
9804
9568
10962
23095
54769
6853
10955
7533
5110
2778
26999
8655
10313
9145
3831
3939
11041
65009
7447
57468
4144
9892
1345
6447
4628
23236
4747
9079
523
55450
8867
23167
10439
1123
5604
816
23154
71
526
10808
6616
9168
488
259217
8851
8490
5217
5532
10314
64112
10231
51506
55859
7345
7905
57446
7102
5168
7259
5250
7018
79957
347733
155066
4711
2891
10409
2775
4130
23479
5870
11215
7529
1804
1072
9315
80212
6695
55884
8522
498
3685
2664
1347
57062
27069
539
2280
80762
9448
65108
408
5521
29978
11188
9867
10521
4677
333
3326
57142
10150
5789
7419
7317
54386
7458
4190
476
6925
10376
9764
2060
5654
8502
1337
5911
377
56255
23204
5538
10382
1211
292
7314
51372
10971
23162
56995
114088
3184
4725
509
118
7763
28972
2495
6647
9584
1508
7644
1938
3329
4714
7316
9377
3800
51669
10159
521
4946
2823
3320
10209
6152
