388677
84168
2195
10577
89876
2192
23209
26225
64759
4440
7009
6745
7802
57494
2202
51201
9403
3400
9368
2799
11160
4774
85439
9588
4487
2222
23512
3913
23175
9848
57834
8574
9865
6678
51313
51776
283102
26227
83604
5947
6043
57722
2565
165
94121
187
5992
361
7263
3685
26353
84952
55268
4915
754
3488
692205
2697
5547
116843
7430
79026
375061
79971
7431
9289
1837
3856
5352
1809
23118
90411
1266
678
27333
26018
53342
677
3707
692108
6086
23022
94161
6023
23336
51706
89932
7423
23286
619562
5360
285440
4129
6662
25840
26801
84460
133686
10529
90865
8736
1634
65983
79627
55353
2
652965
5596
1843
5375
167410
220382
32
5028
23433
219670
7466
84532
23580
26207
677775
7503
7132
26771
5264
3977
83733
23576
12
477
83876
1910
960
202151
633
23205
4494
2261
9459
828
131566
220832
7546
7164
55890
6563
641654
1956
5920
2670
26824
6263
692148
84790
2152
2171
64968
8613
847
57678
11341
