8522
9181
58476
23254
4336
79957
4155
547
60490
6625
79180
55384
57578
89801
1032
8502
90990
6900
333
5414
10000
27175
85028
8537
57582
22895
5590
320
23148
10382
89927
9145
26051
10231
2596
84448
4130
162632
2921
10777
3831
9644
23017
100506123
441869
9378
10507
286411
4340
81551
9764
5518
79641
146330
3327
253982
112755
770
57571
50861
388662
7054
57414
401554
4741
1994
11075
340529
57613
22859
2914
29114
4747
54769
51299
4248
7143
10188
7732
2115
10999
27241
642846
5579
57512
26470
729020
288
10900
107
84687
9783
1917
6192
2026
60675
11264
23162
6853
259217
8120
9344
6855
134288
6543
22979
6792
2036
5129
90249
255057
388394
100192426
8906
163175
7447
56853
645974
4099
11069
55530
9796
55859
10215
57165
23154
1123
338328
53844
26034
132241
2892
8501
25871
283491
28996
1428
50614
534
284835
157627
202559
140767
1159
2257
5909
144165
9853
490
2898
7345
57575
10716
55294
57475
7018
195814
2175
2785
6326
6035
23255
4985
139728
130733
23518
8927
440823
6456
6860
340542
6616
51148
493
9369
5058
54715
83478
9118
4978
138046
2254
9618
7070
2566
51046
