50809
3897
3746
23524
134147
165324
57486
79939
3761
8034
8621
1051
100129792
23253
153
145483
1629
773
6526
23389
9208
100130155
5228
7798
170960
6334
90338
4782
285231
23034
81603
84267
54910
22848
2872
64393
23175
81609
55771
55729
23362
51341
64839
9253
26038
114794
51569
89797
163049
1995
119504
10634
9645
2975
80314
30827
3727
10922
7150
255031
4335
10921
8780
3488
80228
9667
50488
6546
3842
5218
283455
51324
8560
7325
57787
10928
5252
6302
79903
1113
3787
1523
83857
140901
6328
254531
27075
378938
1000
26127
284058
23112
7070
55870
64837
79762
4649
6878
8519
8087
23131
6324
5900
23522
1936
26528
9139
5864
271
51593
3113
3707
1291
90249
10814
54407
285812
3841
23332
5141
2908
9819
5296
9969
55900
56853
400949
2580
10743
90990
140775
9853
2775
23476
146057
55284
7145
8085
30837
80204
4848
4983
55384
3752
157
57524
2259
730094
5291
7095
8570
121665
6096
2554
8503
22866
57478
10681
1508
10283
124540
80335
58517
9905
3837
55611
23623
10250
5786
6323
26034
56479
1993
3778
54674
473
80315
158158
5136
64282
11180
10523
492311
8099
6925
57600
25948
2982
57862
9355
604
774
127281
30000
100272216
2036
6253
254170
399948
8428
3068
3736
2566
55599
138046
11252
57730
55118
5116
3091
4149
54890
8844
146713
55749
3799
90135
153222
7532
10150
9445
22794
3398
23613
120114
2289
3356
10916
78988
2977
9921
22921
7707
64710
4792
7704
9553
2670
57468
23313
23314
101060107
800
84708
196403
26115
130872
1837
127254
23271
5094
7994
9711
11338
6330
644150
9284
7430
10009
79085
9751
1108
8531
134957
8851
10188
23309
440823
7447
8476
57338
3708
5911
4299
4978
25957
57534
163882
401115
11275
56963
1266
85358
1996
2971
29068
10945
55904
23038
4536
87
80790
22987
2734
150726
4744
9478
55342
6453
10801
253461
5586
257194
27244
100302692
5552
399491
6304
26973
23433
23167
51747
23053
65985
5577
2744
10808
140707
134353
7227
5067
204851
57568
4306
7874
1850
285172
91298
2562
815
1186
65977
5909
4495
25758
9228
2557
9762
85442
1072
10929
9683
7068
26278
7375
9670
1016
64215
6252
79567
29896
9892
9169
9590
80205
54602
5985
10558
55256
6443
3460
27257
57532
9669
84894
10746
51663
25817
29123
9783
54704
51510
7182
79618
5087
10541
9743
8434
23405
9703
2561
117178
492
11240
25953
3797
6601
3760
4820
135152
1487
6307
3785
343990
23154
4774
11320
5209
10277
22864
1859
57645
55629
490
6249
5800
55048
8535
4194
2555
996
29116
81579
56262
89853
1123
134111
5126
84991
26033
59339
91452
23336
5922
57562
23126
55761
2915
23767
51108
79137
57580
23265
221002
23258
80034
10962
134548
283638
65264
138151
84159
83637
55030
4552
51761
127933
283871
9990
23040
6456
8506
2892
54737
29942
273
7088
2222
378805
22808
221336
10656
51104
311
10057
4093
777
9456
261729
27314
3423
2130
818
51455
51022
1052
1952
3916
359948
22841
53615
51322
79068
9331
222553
6046
84249
1131
3765
5170
56950
29101
9975
147381
54542
440026
3131
7528
258010
57692
27101
6860
677
6696
23162
9399
79834
23201
23592
9538
819
694
23013
23633
79699
1954
51602
26049
23528
54438
23731
55206
10605
57659
2290
51773
1212
885
6662
1727
23285
6744
153830
9360
286097
4130
23349
84307
55197
2788
2770
23190
3705
26051
256714
93487
5813
222008
56977
92482
23089
5872
28996
84333
94239
133746
4502
54715
10914
23002
8611
9218
4853
51286
266812
22933
10409
1968
145853
3241
6015
9575
115827
60559
54498
404037
23328
4047
4012
4045
483
50650
22859
9378
8500
253260
132204
29803
91300
80148
55914
55607
5495
5581
4026
51046
10382
81575
7164
4302
64853
8473
9699
55692
5757
54545
2079
9045
23429
4090
6780
7976
4170
1949
134553
100505641
3192
4496
64756
4747
51517
55975
8604
5099
93643
22834
9568
8507
84867
5589
11033
4696
23242
6789
23544
91369
118460
22941
5610
145567
144165
54904
22889
23261
9589
51655
57178
5298
10144
474170
285147
6326
148423
27086
9857
4298
539
4644
64968
57636
7538
31
6616
26045
4501
4297
116988
8502
90864
1759
66008
3737
10300
9459
81553
63908
55905
222068
54541
7419
51503
2621
83733
23114
29978
5992
23008
203274
4131
7329
7008
441461
9522
27327
151354
23648
51762
57476
26960
79096
9951
6853
47
5379
91
3191
9289
64083
80212
6745
114880
55023
22876
4201
1315
25800
3612
115207
79095
388677
10564
4154
83989
10443
83636
2909
26224
9026
9693
6843
23462
9498
8992
253959
56987
5214
118
401505
51696
30845
57396
10581
9140
23272
3798
3693
113263
91768
10231
9252
9147
93664
728215
6663
5063
441151
4591
6049
23263
25966
3093
23499
7514
10491
219287
4674
80333
53335
375449
90410
84932
51571
8927
90806
5621
51186
5295
27087
2043
4781
100288911
9738
9181
5501
114134
567
57688
10059
83939
202018
6613
10933
23270
