64850
55314
6285
4915
2202
25907
1738
5168
81618
8671
5414
347689
1471
3151
1718
5730
11342
51024
3550
2246
55862
7295
83988
5654
22818
10989
9158
509
71
2739
7385
7386
6888
1207
63905
56271
27335
11345
292
10552
2263
4076
26355
1036
4077
57609
7284
6188
506
5691
9694
5052
2805
84450
25824
5716
6141
84790
8667
64422
3956
10376
1400
4722
2550
10576
1892
94101
498
113246
50
10383
8664
5250
10490
6159
4809
6175
10567
2547
1653
3326
11315
6138
10367
7360
1603
6122
51506
2821
6132
517
57017
80208
4830
9805
29086
3831
1460
54386
6647
4118
57570
256987
81853
7520
5479
10381
23673
23208
55763
84263
1153
203068
79966
25804
515
55619
64399
5694
5376
57509
29106
10657
92675
64792
518
56851
28972
2783
6845
3615
6921
533
4711
11171
28958
25972
51321
10575
57571
10632
10330
84525
50862
5436
51347
9414
51142
4345
55334
10980
10804
7159
645745
9118
65991
488
10485
51075
22979
2631
387
54902
7915
374882
6836
52
6596
51538
5612
29085
2023
80227
6193
56889
9500
1537
27249
6879
51234
7458
54681
1809
6158
6385
4725
10121
114793
5010
65018
7390
8907
51300
11337
4257
11007
9061
2878
9380
51582
79885
5274
10574
11212
10531
4190
6208
643763
26037
6129
5101
11075
7248
8622
84886
1955
79187
28984
966
6143
975
91404
285800
5962
1073
10463
4695
10987
4292
128866
5354
51020
4698
5122
183
6857
2590
23500
53342
203
54969
11168
56616
8452
25830
8553
54878
114795
6653
7078
9770
10427
114883
51329
5718
3029
100507008
1902
7316
57469
1917
112755
10397
84726
10815
23446
5547
1020
22891
4646
5814
6535
324
26207
7175
9462
25901
7018
10628
4738
1152
27069
9909
11224
7203
5213
1410
5701
2745
5578
7307
8454
3983
526
10983
57709
3988
55683
5682
84502
23092
57221
64400
8655
9371
146223
1780
51573
2941
114932
51552
4723
131408
57471
9638
60592
64409
10659
51433
7114
230
6222
2806
1287
1650
1781
10554
84912
23043
10094
529
10097
51185
6391
2987
10947
162427
51126
7251
6695
10099
8745
4217
57181
9920
6457
6233
6147
1155
6009
9185
26986
348
26052
3572
200407
259217
522
8301
2521
4692
51248
7384
2581
7247
54765
51714
81533
8615
203547
9071
9524
6228
9338
334
291
1465
84792
345778
4200
2271
5019
1267
6731
83692
11059
51637
826
1512
80196
10075
51606
6000
4694
55207
38
708
5166
23205
55852
6748
1175
4974
3313
84457
142
51299
408
2186
8405
3295
55788
6160
2891
8031
60682
6301
2665
27344
11069
6166
23710
253982
80213
23095
192683
51479
100507421
4715
51228
84952
8537
29087
54741
440
8195
79144
4900
552889
8930
10670
23091
5142
4705
5695
23031
5792
51125
79017
285382
57447
460
491
23335
4706
4710
10521
107
10313
6919
8871
1329
2509
127262
51160
53635
6717
57586
9341
7416
160760
51398
5093
2879
26018
10284
6164
51504
10395
26010
10412
11341
79739
2926
729680
513
64759
2512
164832
83443
476
6529
57583
8722
5518
221710
59286
5516
4336
80279
23390
9915
22936
7275
8165
5202
79135
92255
3421
1069
90871
23122
2571
114915
51617
92737
5438
4905
25840
6414
10752
998
125988
22853
9793
55863
6272
158471
85453
9555
151613
2257
7799
8613
116448
8404
2876
658
22895
89795
26057
8396
340371
8803
51123
81551
9665
56984
4753
51362
7086
3843
1351
1463
11331
84168
7431
50808
1428
29796
5879
4259
25912
79174
2824
79957
16
9737
55610
56650
6507
4729
3434
1211
1340
23369
56990
2029
10951
23171
5710
27102
54472
2173
328
55845
50854
7485
57414
5688
2890
57460
10286
9861
6923
10640
5799
114804
54460
51371
50859
23136
10935
392
26036
83698
51400
83543
29081
53826
58476
11261
2495
4191
7345
9659
9217
51132
576
170506
27072
54849
10728
9764
58478
831
226
57030
23305
57515
8881
10128
10687
5297
23036
6451
8905
4885
1501
55860
83643
4637
84466
9978
79870
6733
64145
7311
9369
51187
5859
8887
65981
8665
11076
51313
10134
54149
8804
4604
27332
22920
147179
7324
9846
27336
2034
10944
8027
10458
3032
1982
4826
5510
1854
29074
65979
8894
5631
55651
4947
29114
950
79745
84056
1983
5955
161
79622
57035
5165
5693
9736
10907
51247
9528
8997
217
119032
84061
1349
7317
6185
23507
745
221895
10314
54812
4953
11167
51729
10479
1655
8518
347733
57498
123606
1656
81552
5605
6917
51596
11235
7296
5236
902
25814
22926
8933
4504
5441
2773
57403
9987
399959
2058
8567
63939
22827
547
6176
25977
81631
375743
5445
2
6431
8802
6635
7572
5121
51062
23037
5700
256586
3030
29761
57136
9318
51399
1345
9320
6397
283209
816
8662
5138
51280
231
103910
528
5999
25897
10904
7536
10335
23435
5860
8850
8648
6633
22919
55959
140767
11332
65983
10771
84735
64067
3964
4898
10769
9644
26128
64921
287
25927
221092
81688
5870
11198
6187
23741
6854
5567
84302
11258
10163
3628
7277
3939
53616
1312
85457
27248
3646
2778
2597
9053
80303
5705
65009
221184
1804
56849
1337
10810
140465
5230
4179
4780
8669
387923
51138
6992
81926
55737
23236
8237
6217
6900
2026
51451
11222
1525
9211
28978
28986
5584
2040
22836
25999
51111
10972
7301
9839
4124
11051
10961
6230
4697
60496
1845
55967
10006
6730
10979
79982
22872
1213
1272
55748
7381
10092
153527
81892
8668
4208
100133941
493753
55041
5048
26521
10200
29105
79641
55758
85021
729082
9666
7846
10444
9375
8562
54928
10992
55652
8082
6726
51668
54499
51495
57475
56681
9802
55915
6804
84978
10694
388962
10236
56947
57148
1195
6191
79901
26135
7417
6429
23180
2261
6133
22883
9527
6156
955
10342
116151
10600
4884
58486
127703
51727
22906
2983
23025
23312
56894
4282
1363
7411
7334
